{"metadata":{"kernelspec":{"language":"python","display_name":"Python 3","name":"python3"},"language_info":{"name":"python","version":"3.10.14","mimetype":"text/x-python","codemirror_mode":{"name":"ipython","version":3},"pygments_lexer":"ipython3","nbconvert_exporter":"python","file_extension":".py"},"kaggle":{"accelerator":"none","dataSources":[{"sourceId":5974767,"sourceType":"datasetVersion","datasetId":3425256},{"sourceId":9476047,"sourceType":"datasetVersion","datasetId":5763251}],"dockerImageVersionId":30786,"isInternetEnabled":true,"language":"python","sourceType":"notebook","isGpuEnabled":false}},"nbformat_minor":4,"nbformat":4,"cells":[{"cell_type":"markdown","source":"**Importing Libraries**","metadata":{}},{"cell_type":"code","source":"import pandas as pd\nimport numpy as np\nfrom scipy import stats\nimport matplotlib.pyplot as plt\nfrom sklearn.preprocessing import StandardScaler\nfrom sklearn.model_selection import train_test_split\n\n","metadata":{"_uuid":"8f2839f25d086af736a60e9eeb907d3b93b6e0e5","_cell_guid":"b1076dfc-b9ad-4769-8c92-a6c4dae69d19","execution":{"iopub.status.busy":"2024-11-28T16:23:55.826566Z","iopub.execute_input":"2024-11-28T16:23:55.827457Z","iopub.status.idle":"2024-11-28T16:23:57.064940Z","shell.execute_reply.started":"2024-11-28T16:23:55.827417Z","shell.execute_reply":"2024-11-28T16:23:57.063764Z"},"trusted":true},"outputs":[],"execution_count":2},{"cell_type":"code","source":"scalarx=StandardScaler() #storing the scalar function for use","metadata":{"execution":{"iopub.status.busy":"2024-11-28T16:23:57.556379Z","iopub.execute_input":"2024-11-28T16:23:57.556964Z","iopub.status.idle":"2024-11-28T16:23:57.563460Z","shell.execute_reply.started":"2024-11-28T16:23:57.556923Z","shell.execute_reply":"2024-11-28T16:23:57.561742Z"},"trusted":true},"outputs":[],"execution_count":3},{"cell_type":"markdown","source":"**Loading Data**","metadata":{}},{"cell_type":"code","source":"df = pd.read_csv('/kaggle/input/titanic-dataset/train.csv') # simple loading \n#df.info()  #891*12\n\n#df.isnull().sum()\n","metadata":{"execution":{"iopub.status.busy":"2024-11-28T16:23:59.119716Z","iopub.execute_input":"2024-11-28T16:23:59.120704Z","iopub.status.idle":"2024-11-28T16:23:59.154972Z","shell.execute_reply.started":"2024-11-28T16:23:59.120625Z","shell.execute_reply":"2024-11-28T16:23:59.153464Z"},"trusted":true},"outputs":[],"execution_count":4},{"cell_type":"code","source":"df.head()","metadata":{"execution":{"iopub.status.busy":"2024-11-28T16:24:00.477067Z","iopub.execute_input":"2024-11-28T16:24:00.477532Z","iopub.status.idle":"2024-11-28T16:24:00.508172Z","shell.execute_reply.started":"2024-11-28T16:24:00.477474Z","shell.execute_reply":"2024-11-28T16:24:00.506814Z"},"trusted":true},"outputs":[{"execution_count":5,"output_type":"execute_result","data":{"text/plain":"   PassengerId  Survived  Pclass  \\\n0            1         0       3   \n1            2         1       1   \n2            3         1       3   \n3            4         1       1   \n4            5         0       3   \n\n                                                Name     Sex   Age  SibSp  \\\n0                            Braund, Mr. Owen Harris    male  22.0      1   \n1  Cumings, Mrs. John Bradley (Florence Briggs Th...  female  38.0      1   \n2                             Heikkinen, Miss. Laina  female  26.0      0   \n3       Futrelle, Mrs. Jacques Heath (Lily May Peel)  female  35.0      1   \n4                           Allen, Mr. William Henry    male  35.0      0   \n\n   Parch            Ticket     Fare Cabin Embarked  \n0      0         A/5 21171   7.2500   NaN        S  \n1      0          PC 17599  71.2833   C85        C  \n2      0  STON/O2. 3101282   7.9250   NaN        S  \n3      0            113803  53.1000  C123        S  \n4      0            373450   8.0500   NaN        S  ","text/html":"<div>\n<style scoped>\n    .dataframe tbody tr th:only-of-type {\n        vertical-align: middle;\n    }\n\n    .dataframe tbody tr th {\n        vertical-align: top;\n    }\n\n    .dataframe thead th {\n        text-align: right;\n    }\n</style>\n<table border=\"1\" class=\"dataframe\">\n  <thead>\n    <tr style=\"text-align: right;\">\n      <th></th>\n      <th>PassengerId</th>\n      <th>Survived</th>\n      <th>Pclass</th>\n      <th>Name</th>\n      <th>Sex</th>\n      <th>Age</th>\n      <th>SibSp</th>\n      <th>Parch</th>\n      <th>Ticket</th>\n      <th>Fare</th>\n      <th>Cabin</th>\n      <th>Embarked</th>\n    </tr>\n  </thead>\n  <tbody>\n    <tr>\n      <th>0</th>\n      <td>1</td>\n      <td>0</td>\n      <td>3</td>\n      <td>Braund, Mr. Owen Harris</td>\n      <td>male</td>\n      <td>22.0</td>\n      <td>1</td>\n      <td>0</td>\n      <td>A/5 21171</td>\n      <td>7.2500</td>\n      <td>NaN</td>\n      <td>S</td>\n    </tr>\n    <tr>\n      <th>1</th>\n      <td>2</td>\n      <td>1</td>\n      <td>1</td>\n      <td>Cumings, Mrs. John Bradley (Florence Briggs Th...</td>\n      <td>female</td>\n      <td>38.0</td>\n      <td>1</td>\n      <td>0</td>\n      <td>PC 17599</td>\n      <td>71.2833</td>\n      <td>C85</td>\n      <td>C</td>\n    </tr>\n    <tr>\n      <th>2</th>\n      <td>3</td>\n      <td>1</td>\n      <td>3</td>\n      <td>Heikkinen, Miss. Laina</td>\n      <td>female</td>\n      <td>26.0</td>\n      <td>0</td>\n      <td>0</td>\n      <td>STON/O2. 3101282</td>\n      <td>7.9250</td>\n      <td>NaN</td>\n      <td>S</td>\n    </tr>\n    <tr>\n      <th>3</th>\n      <td>4</td>\n      <td>1</td>\n      <td>1</td>\n      <td>Futrelle, Mrs. Jacques Heath (Lily May Peel)</td>\n      <td>female</td>\n      <td>35.0</td>\n      <td>1</td>\n      <td>0</td>\n      <td>113803</td>\n      <td>53.1000</td>\n      <td>C123</td>\n      <td>S</td>\n    </tr>\n    <tr>\n      <th>4</th>\n      <td>5</td>\n      <td>0</td>\n      <td>3</td>\n      <td>Allen, Mr. William Henry</td>\n      <td>male</td>\n      <td>35.0</td>\n      <td>0</td>\n      <td>0</td>\n      <td>373450</td>\n      <td>8.0500</td>\n      <td>NaN</td>\n      <td>S</td>\n    </tr>\n  </tbody>\n</table>\n</div>"},"metadata":{}}],"execution_count":5},{"cell_type":"code","source":"df.isnull().sum()","metadata":{"execution":{"iopub.status.busy":"2024-11-28T16:24:03.131210Z","iopub.execute_input":"2024-11-28T16:24:03.131847Z","iopub.status.idle":"2024-11-28T16:24:03.147757Z","shell.execute_reply.started":"2024-11-28T16:24:03.131790Z","shell.execute_reply":"2024-11-28T16:24:03.146011Z"},"trusted":true},"outputs":[{"execution_count":6,"output_type":"execute_result","data":{"text/plain":"PassengerId      0\nSurvived         0\nPclass           0\nName             0\nSex              0\nAge            177\nSibSp            0\nParch            0\nTicket           0\nFare             0\nCabin          687\nEmbarked         2\ndtype: int64"},"metadata":{}}],"execution_count":6},{"cell_type":"markdown","source":"**Filling Null Values**","metadata":{}},{"cell_type":"code","source":"df['Fare'] = df['Fare'].fillna(df['Fare'].median())\ndf['Age'] = df['Age'].fillna(df['Age'].median())\n#numeric Null Values","metadata":{"execution":{"iopub.status.busy":"2024-11-28T16:32:08.521204Z","iopub.execute_input":"2024-11-28T16:32:08.521608Z","iopub.status.idle":"2024-11-28T16:32:08.532632Z","shell.execute_reply.started":"2024-11-28T16:32:08.521572Z","shell.execute_reply":"2024-11-28T16:32:08.531180Z"},"trusted":true},"outputs":[],"execution_count":29},{"cell_type":"code","source":"df['Cabin'] = df['Cabin'].fillna(df['Cabin'].mode()[0])\ndf['Embarked'] = df['Embarked'].fillna(df['Embarked'].mode()[0])\ndf['Sex'] = df['Sex'].fillna(df['Sex'].mode()[0])\n#categorical Null Values","metadata":{"execution":{"iopub.status.busy":"2024-11-28T16:32:10.547003Z","iopub.execute_input":"2024-11-28T16:32:10.547416Z","iopub.status.idle":"2024-11-28T16:32:10.557890Z","shell.execute_reply.started":"2024-11-28T16:32:10.547378Z","shell.execute_reply":"2024-11-28T16:32:10.556356Z"},"trusted":true},"outputs":[],"execution_count":30},{"cell_type":"code","source":"df_temp=df\n\n#df_temp[['Sex', 'Cabin', 'Embarked','Ticket']] = df_temp[['Sex', 'Cabin', 'Embarked','Ticket']].apply(lambda x: x.astype('category').cat.codes)\ndf_temp\n#Separating X and Y as in the given dataset Y was also given in the training data","metadata":{"execution":{"iopub.status.busy":"2024-11-28T16:37:49.365994Z","iopub.execute_input":"2024-11-28T16:37:49.366445Z","iopub.status.idle":"2024-11-28T16:37:49.392277Z","shell.execute_reply.started":"2024-11-28T16:37:49.366406Z","shell.execute_reply":"2024-11-28T16:37:49.391080Z"},"trusted":true},"outputs":[{"execution_count":59,"output_type":"execute_result","data":{"text/plain":"     PassengerId  Survived  Pclass  \\\n0              1         0       3   \n1              2         1       1   \n2              3         1       3   \n3              4         1       1   \n4              5         0       3   \n..           ...       ...     ...   \n886          887         0       2   \n887          888         1       1   \n888          889         0       3   \n889          890         1       1   \n890          891         0       3   \n\n                                                  Name  Sex   Age  SibSp  \\\n0                              Braund, Mr. Owen Harris    1  22.0      1   \n1    Cumings, Mrs. John Bradley (Florence Briggs Th...    0  38.0      1   \n2                               Heikkinen, Miss. Laina    0  26.0      0   \n3         Futrelle, Mrs. Jacques Heath (Lily May Peel)    0  35.0      1   \n4                             Allen, Mr. William Henry    1  35.0      0   \n..                                                 ...  ...   ...    ...   \n886                              Montvila, Rev. Juozas    1  27.0      0   \n887                       Graham, Miss. Margaret Edith    0  19.0      0   \n888           Johnston, Miss. Catherine Helen \"Carrie\"    0  28.0      1   \n889                              Behr, Mr. Karl Howell    1  26.0      0   \n890                                Dooley, Mr. Patrick    1  32.0      0   \n\n     Parch  Ticket     Fare  Cabin  Embarked  Pclass_Sex  Pclass_Age  \\\n0        0     523   7.2500     47         2           5         132   \n1        0     596  71.2833     81         0           0          26   \n2        0     669   7.9250     47         2           4         138   \n3        0      49  53.1000     55         2           0          23   \n4        0     472   8.0500     47         2           5         151   \n..     ...     ...      ...    ...       ...         ...         ...   \n886      0     101  13.0000     47         2           3          73   \n887      0      14  30.0000     30         2           0           7   \n888      2     675  23.4500     47         2           4         140   \n889      0       8  30.0000     60         0           1          14   \n890      0     466   7.7500     47         1           5         147   \n\n     FamilySize  IsAlone  Title  TicketGroupSize   FareLog  \n0             2        0      2                1  2.110213  \n1             2        0      3                1  4.280593  \n2             1        1      1                1  2.188856  \n3             2        0      3                2  3.990834  \n4             1        1      2                1  2.202765  \n..          ...      ...    ...              ...       ...  \n886           1        1     -1                1  2.639057  \n887           1        1      1                1  3.433987  \n888           4        0      1                2  3.196630  \n889           1        1      2                1  3.433987  \n890           1        1      2                1  2.169054  \n\n[891 rows x 19 columns]","text/html":"<div>\n<style scoped>\n    .dataframe tbody tr th:only-of-type {\n        vertical-align: middle;\n    }\n\n    .dataframe tbody tr th {\n        vertical-align: top;\n    }\n\n    .dataframe thead th {\n        text-align: right;\n    }\n</style>\n<table border=\"1\" class=\"dataframe\">\n  <thead>\n    <tr style=\"text-align: right;\">\n      <th></th>\n      <th>PassengerId</th>\n      <th>Survived</th>\n      <th>Pclass</th>\n      <th>Name</th>\n      <th>Sex</th>\n      <th>Age</th>\n      <th>SibSp</th>\n      <th>Parch</th>\n      <th>Ticket</th>\n      <th>Fare</th>\n      <th>Cabin</th>\n      <th>Embarked</th>\n      <th>Pclass_Sex</th>\n      <th>Pclass_Age</th>\n      <th>FamilySize</th>\n      <th>IsAlone</th>\n      <th>Title</th>\n      <th>TicketGroupSize</th>\n      <th>FareLog</th>\n    </tr>\n  </thead>\n  <tbody>\n    <tr>\n      <th>0</th>\n      <td>1</td>\n      <td>0</td>\n      <td>3</td>\n      <td>Braund, Mr. Owen Harris</td>\n      <td>1</td>\n      <td>22.0</td>\n      <td>1</td>\n      <td>0</td>\n      <td>523</td>\n      <td>7.2500</td>\n      <td>47</td>\n      <td>2</td>\n      <td>5</td>\n      <td>132</td>\n      <td>2</td>\n      <td>0</td>\n      <td>2</td>\n      <td>1</td>\n      <td>2.110213</td>\n    </tr>\n    <tr>\n      <th>1</th>\n      <td>2</td>\n      <td>1</td>\n      <td>1</td>\n      <td>Cumings, Mrs. John Bradley (Florence Briggs Th...</td>\n      <td>0</td>\n      <td>38.0</td>\n      <td>1</td>\n      <td>0</td>\n      <td>596</td>\n      <td>71.2833</td>\n      <td>81</td>\n      <td>0</td>\n      <td>0</td>\n      <td>26</td>\n      <td>2</td>\n      <td>0</td>\n      <td>3</td>\n      <td>1</td>\n      <td>4.280593</td>\n    </tr>\n    <tr>\n      <th>2</th>\n      <td>3</td>\n      <td>1</td>\n      <td>3</td>\n      <td>Heikkinen, Miss. Laina</td>\n      <td>0</td>\n      <td>26.0</td>\n      <td>0</td>\n      <td>0</td>\n      <td>669</td>\n      <td>7.9250</td>\n      <td>47</td>\n      <td>2</td>\n      <td>4</td>\n      <td>138</td>\n      <td>1</td>\n      <td>1</td>\n      <td>1</td>\n      <td>1</td>\n      <td>2.188856</td>\n    </tr>\n    <tr>\n      <th>3</th>\n      <td>4</td>\n      <td>1</td>\n      <td>1</td>\n      <td>Futrelle, Mrs. Jacques Heath (Lily May Peel)</td>\n      <td>0</td>\n      <td>35.0</td>\n      <td>1</td>\n      <td>0</td>\n      <td>49</td>\n      <td>53.1000</td>\n      <td>55</td>\n      <td>2</td>\n      <td>0</td>\n      <td>23</td>\n      <td>2</td>\n      <td>0</td>\n      <td>3</td>\n      <td>2</td>\n      <td>3.990834</td>\n    </tr>\n    <tr>\n      <th>4</th>\n      <td>5</td>\n      <td>0</td>\n      <td>3</td>\n      <td>Allen, Mr. William Henry</td>\n      <td>1</td>\n      <td>35.0</td>\n      <td>0</td>\n      <td>0</td>\n      <td>472</td>\n      <td>8.0500</td>\n      <td>47</td>\n      <td>2</td>\n      <td>5</td>\n      <td>151</td>\n      <td>1</td>\n      <td>1</td>\n      <td>2</td>\n      <td>1</td>\n      <td>2.202765</td>\n    </tr>\n    <tr>\n      <th>...</th>\n      <td>...</td>\n      <td>...</td>\n      <td>...</td>\n      <td>...</td>\n      <td>...</td>\n      <td>...</td>\n      <td>...</td>\n      <td>...</td>\n      <td>...</td>\n      <td>...</td>\n      <td>...</td>\n      <td>...</td>\n      <td>...</td>\n      <td>...</td>\n      <td>...</td>\n      <td>...</td>\n      <td>...</td>\n      <td>...</td>\n      <td>...</td>\n    </tr>\n    <tr>\n      <th>886</th>\n      <td>887</td>\n      <td>0</td>\n      <td>2</td>\n      <td>Montvila, Rev. Juozas</td>\n      <td>1</td>\n      <td>27.0</td>\n      <td>0</td>\n      <td>0</td>\n      <td>101</td>\n      <td>13.0000</td>\n      <td>47</td>\n      <td>2</td>\n      <td>3</td>\n      <td>73</td>\n      <td>1</td>\n      <td>1</td>\n      <td>-1</td>\n      <td>1</td>\n      <td>2.639057</td>\n    </tr>\n    <tr>\n      <th>887</th>\n      <td>888</td>\n      <td>1</td>\n      <td>1</td>\n      <td>Graham, Miss. Margaret Edith</td>\n      <td>0</td>\n      <td>19.0</td>\n      <td>0</td>\n      <td>0</td>\n      <td>14</td>\n      <td>30.0000</td>\n      <td>30</td>\n      <td>2</td>\n      <td>0</td>\n      <td>7</td>\n      <td>1</td>\n      <td>1</td>\n      <td>1</td>\n      <td>1</td>\n      <td>3.433987</td>\n    </tr>\n    <tr>\n      <th>888</th>\n      <td>889</td>\n      <td>0</td>\n      <td>3</td>\n      <td>Johnston, Miss. Catherine Helen \"Carrie\"</td>\n      <td>0</td>\n      <td>28.0</td>\n      <td>1</td>\n      <td>2</td>\n      <td>675</td>\n      <td>23.4500</td>\n      <td>47</td>\n      <td>2</td>\n      <td>4</td>\n      <td>140</td>\n      <td>4</td>\n      <td>0</td>\n      <td>1</td>\n      <td>2</td>\n      <td>3.196630</td>\n    </tr>\n    <tr>\n      <th>889</th>\n      <td>890</td>\n      <td>1</td>\n      <td>1</td>\n      <td>Behr, Mr. Karl Howell</td>\n      <td>1</td>\n      <td>26.0</td>\n      <td>0</td>\n      <td>0</td>\n      <td>8</td>\n      <td>30.0000</td>\n      <td>60</td>\n      <td>0</td>\n      <td>1</td>\n      <td>14</td>\n      <td>1</td>\n      <td>1</td>\n      <td>2</td>\n      <td>1</td>\n      <td>3.433987</td>\n    </tr>\n    <tr>\n      <th>890</th>\n      <td>891</td>\n      <td>0</td>\n      <td>3</td>\n      <td>Dooley, Mr. Patrick</td>\n      <td>1</td>\n      <td>32.0</td>\n      <td>0</td>\n      <td>0</td>\n      <td>466</td>\n      <td>7.7500</td>\n      <td>47</td>\n      <td>1</td>\n      <td>5</td>\n      <td>147</td>\n      <td>1</td>\n      <td>1</td>\n      <td>2</td>\n      <td>1</td>\n      <td>2.169054</td>\n    </tr>\n  </tbody>\n</table>\n<p>891 rows × 19 columns</p>\n</div>"},"metadata":{}}],"execution_count":59},{"cell_type":"code","source":"\ndf_temp=pd.DataFrame(df_temp.drop(['Name','Survived'],axis=1).values, columns=df_temp.drop(['Name','Survived'],axis=1).columns)\n","metadata":{"execution":{"iopub.status.busy":"2024-11-28T16:33:26.473725Z","iopub.execute_input":"2024-11-28T16:33:26.474100Z","iopub.status.idle":"2024-11-28T16:33:26.483152Z","shell.execute_reply.started":"2024-11-28T16:33:26.474068Z","shell.execute_reply":"2024-11-28T16:33:26.481948Z"},"trusted":true},"outputs":[],"execution_count":38},{"cell_type":"code","source":"df_temp[['Sex', 'Cabin', 'Embarked','Ticket','Title']] = df_temp[['Sex', 'Cabin', 'Embarked','Ticket','Title']].apply(lambda x: x.astype('category').cat.codes)\n","metadata":{"execution":{"iopub.status.busy":"2024-11-28T16:33:20.896046Z","iopub.execute_input":"2024-11-28T16:33:20.896477Z","iopub.status.idle":"2024-11-28T16:33:20.913934Z","shell.execute_reply.started":"2024-11-28T16:33:20.896439Z","shell.execute_reply":"2024-11-28T16:33:20.912729Z"},"trusted":true},"outputs":[],"execution_count":37},{"cell_type":"code","source":"df_temp['Title'].astype('category').cat.codes","metadata":{"execution":{"iopub.status.busy":"2024-11-28T14:14:07.893730Z","iopub.execute_input":"2024-11-28T14:14:07.894823Z","iopub.status.idle":"2024-11-28T14:14:07.905238Z","shell.execute_reply.started":"2024-11-28T14:14:07.894768Z","shell.execute_reply":"2024-11-28T14:14:07.903968Z"},"trusted":true},"outputs":[{"execution_count":14,"output_type":"execute_result","data":{"text/plain":"0      3\n1      4\n2      2\n3      4\n4      3\n      ..\n886    0\n887    2\n888    2\n889    3\n890    3\nLength: 891, dtype: int8"},"metadata":{}}],"execution_count":14},{"cell_type":"markdown","source":"**Correlation of Matrix**","metadata":{}},{"cell_type":"code","source":"correlation = df_temp.corr()  \ncorrelation\n# Correlation matrix of all features","metadata":{"execution":{"iopub.status.busy":"2024-11-28T16:33:29.807771Z","iopub.execute_input":"2024-11-28T16:33:29.808201Z","iopub.status.idle":"2024-11-28T16:33:29.835816Z","shell.execute_reply.started":"2024-11-28T16:33:29.808163Z","shell.execute_reply":"2024-11-28T16:33:29.834729Z"},"trusted":true},"outputs":[{"execution_count":39,"output_type":"execute_result","data":{"text/plain":"                 PassengerId    Pclass       Sex       Age     SibSp  \\\nPassengerId         1.000000 -0.035144  0.042939  0.034212 -0.057527   \nPclass             -0.035144  1.000000  0.131900 -0.339898  0.083081   \nSex                 0.042939  0.131900  1.000000  0.081163 -0.114631   \nAge                 0.034212 -0.339898  0.081163  1.000000 -0.233296   \nSibSp              -0.057527  0.083081 -0.114631 -0.233296  1.000000   \nParch              -0.001652  0.018443 -0.245489 -0.172482  0.414838   \nTicket             -0.056554  0.319869  0.059372 -0.070382  0.079461   \nFare                0.012658 -0.549500 -0.182333  0.096688  0.159651   \nCabin              -0.018086 -0.248495 -0.102643  0.060534 -0.005539   \nEmbarked            0.013128  0.162098  0.108262 -0.018754  0.068230   \nPclass_Sex         -0.021260  0.964682  0.388358 -0.294412  0.046773   \nPclass_Age         -0.028710  0.963473  0.142464 -0.154194  0.083774   \nFamilySize         -0.040143  0.065997 -0.200988 -0.245619  0.890712   \nIsAlone             0.057462  0.135207  0.303646  0.171647 -0.584471   \nTitle               0.018125 -0.008599 -0.036384  0.326258 -0.225758   \nTicketGroupSize     0.003355 -0.002633 -0.154748 -0.218669  0.661622   \nFareLog            -0.007425 -0.661022 -0.263276  0.110964  0.318528   \n\n                    Parch    Ticket      Fare     Cabin  Embarked  Pclass_Sex  \\\nPassengerId     -0.001652 -0.056554  0.012658 -0.018086  0.013128   -0.021260   \nPclass           0.018443  0.319869 -0.549500 -0.248495  0.162098    0.964682   \nSex             -0.245489  0.059372 -0.182333 -0.102643  0.108262    0.388358   \nAge             -0.172482 -0.070382  0.096688  0.060534 -0.018754   -0.294412   \nSibSp            0.414838  0.079461  0.159651 -0.005539  0.068230    0.046773   \nParch            1.000000  0.020003  0.216225  0.022682  0.039798   -0.048091   \nTicket           0.020003  1.000000 -0.013885 -0.072200 -0.001729    0.313138   \nFare             0.216225 -0.013885  1.000000  0.090516 -0.224719   -0.559285   \nCabin            0.022682 -0.072200  0.090516  1.000000  0.023804   -0.258285   \nEmbarked         0.039798 -0.001729 -0.224719  0.023804  1.000000    0.179461   \nPclass_Sex      -0.048091  0.313138 -0.559285 -0.258285  0.179461    1.000000   \nPclass_Age       0.037409  0.323304 -0.539003 -0.233945  0.170619    0.933533   \nFamilySize       0.783111  0.064302  0.217138  0.007546  0.066516    0.007942   \nIsAlone         -0.583398  0.028314 -0.271832 -0.120207  0.063532    0.206383   \nTitle           -0.107378 -0.004508 -0.031675  0.051142  0.040334   -0.017662   \nTicketGroupSize  0.593076  0.017907  0.345541  0.007317  0.049428   -0.043570   \nFareLog          0.332186 -0.110965  0.787543  0.191159 -0.202444   -0.684469   \n\n                 Pclass_Age  FamilySize   IsAlone     Title  TicketGroupSize  \\\nPassengerId       -0.028710   -0.040143  0.057462  0.018125         0.003355   \nPclass             0.963473    0.065997  0.135207 -0.008599        -0.002633   \nSex                0.142464   -0.200988  0.303646 -0.036384        -0.154748   \nAge               -0.154194   -0.245619  0.171647  0.326258        -0.218669   \nSibSp              0.083774    0.890712 -0.584471 -0.225758         0.661622   \nParch              0.037409    0.783111 -0.583398 -0.107378         0.593076   \nTicket             0.323304    0.064302  0.028314 -0.004508         0.017907   \nFare              -0.539003    0.217138 -0.271832 -0.031675         0.345541   \nCabin             -0.233945    0.007546 -0.120207  0.051142         0.007317   \nEmbarked           0.170619    0.066516  0.063532  0.040334         0.049428   \nPclass_Sex         0.933533    0.007942  0.206383 -0.017662        -0.043570   \nPclass_Age         1.000000    0.075945  0.129620  0.000322         0.005404   \nFamilySize         0.075945    1.000000 -0.690922 -0.207942         0.748487   \nIsAlone            0.129620   -0.690922  1.000000  0.044147        -0.458739   \nTitle              0.000322   -0.207942  0.044147  1.000000        -0.200154   \nTicketGroupSize    0.005404    0.748487 -0.458739 -0.200154         1.000000   \nFareLog           -0.632234    0.383658 -0.478410 -0.066983         0.464616   \n\n                  FareLog  \nPassengerId     -0.007425  \nPclass          -0.661022  \nSex             -0.263276  \nAge              0.110964  \nSibSp            0.318528  \nParch            0.332186  \nTicket          -0.110965  \nFare             0.787543  \nCabin            0.191159  \nEmbarked        -0.202444  \nPclass_Sex      -0.684469  \nPclass_Age      -0.632234  \nFamilySize       0.383658  \nIsAlone         -0.478410  \nTitle           -0.066983  \nTicketGroupSize  0.464616  \nFareLog          1.000000  ","text/html":"<div>\n<style scoped>\n    .dataframe tbody tr th:only-of-type {\n        vertical-align: middle;\n    }\n\n    .dataframe tbody tr th {\n        vertical-align: top;\n    }\n\n    .dataframe thead th {\n        text-align: right;\n    }\n</style>\n<table border=\"1\" class=\"dataframe\">\n  <thead>\n    <tr style=\"text-align: right;\">\n      <th></th>\n      <th>PassengerId</th>\n      <th>Pclass</th>\n      <th>Sex</th>\n      <th>Age</th>\n      <th>SibSp</th>\n      <th>Parch</th>\n      <th>Ticket</th>\n      <th>Fare</th>\n      <th>Cabin</th>\n      <th>Embarked</th>\n      <th>Pclass_Sex</th>\n      <th>Pclass_Age</th>\n      <th>FamilySize</th>\n      <th>IsAlone</th>\n      <th>Title</th>\n      <th>TicketGroupSize</th>\n      <th>FareLog</th>\n    </tr>\n  </thead>\n  <tbody>\n    <tr>\n      <th>PassengerId</th>\n      <td>1.000000</td>\n      <td>-0.035144</td>\n      <td>0.042939</td>\n      <td>0.034212</td>\n      <td>-0.057527</td>\n      <td>-0.001652</td>\n      <td>-0.056554</td>\n      <td>0.012658</td>\n      <td>-0.018086</td>\n      <td>0.013128</td>\n      <td>-0.021260</td>\n      <td>-0.028710</td>\n      <td>-0.040143</td>\n      <td>0.057462</td>\n      <td>0.018125</td>\n      <td>0.003355</td>\n      <td>-0.007425</td>\n    </tr>\n    <tr>\n      <th>Pclass</th>\n      <td>-0.035144</td>\n      <td>1.000000</td>\n      <td>0.131900</td>\n      <td>-0.339898</td>\n      <td>0.083081</td>\n      <td>0.018443</td>\n      <td>0.319869</td>\n      <td>-0.549500</td>\n      <td>-0.248495</td>\n      <td>0.162098</td>\n      <td>0.964682</td>\n      <td>0.963473</td>\n      <td>0.065997</td>\n      <td>0.135207</td>\n      <td>-0.008599</td>\n      <td>-0.002633</td>\n      <td>-0.661022</td>\n    </tr>\n    <tr>\n      <th>Sex</th>\n      <td>0.042939</td>\n      <td>0.131900</td>\n      <td>1.000000</td>\n      <td>0.081163</td>\n      <td>-0.114631</td>\n      <td>-0.245489</td>\n      <td>0.059372</td>\n      <td>-0.182333</td>\n      <td>-0.102643</td>\n      <td>0.108262</td>\n      <td>0.388358</td>\n      <td>0.142464</td>\n      <td>-0.200988</td>\n      <td>0.303646</td>\n      <td>-0.036384</td>\n      <td>-0.154748</td>\n      <td>-0.263276</td>\n    </tr>\n    <tr>\n      <th>Age</th>\n      <td>0.034212</td>\n      <td>-0.339898</td>\n      <td>0.081163</td>\n      <td>1.000000</td>\n      <td>-0.233296</td>\n      <td>-0.172482</td>\n      <td>-0.070382</td>\n      <td>0.096688</td>\n      <td>0.060534</td>\n      <td>-0.018754</td>\n      <td>-0.294412</td>\n      <td>-0.154194</td>\n      <td>-0.245619</td>\n      <td>0.171647</td>\n      <td>0.326258</td>\n      <td>-0.218669</td>\n      <td>0.110964</td>\n    </tr>\n    <tr>\n      <th>SibSp</th>\n      <td>-0.057527</td>\n      <td>0.083081</td>\n      <td>-0.114631</td>\n      <td>-0.233296</td>\n      <td>1.000000</td>\n      <td>0.414838</td>\n      <td>0.079461</td>\n      <td>0.159651</td>\n      <td>-0.005539</td>\n      <td>0.068230</td>\n      <td>0.046773</td>\n      <td>0.083774</td>\n      <td>0.890712</td>\n      <td>-0.584471</td>\n      <td>-0.225758</td>\n      <td>0.661622</td>\n      <td>0.318528</td>\n    </tr>\n    <tr>\n      <th>Parch</th>\n      <td>-0.001652</td>\n      <td>0.018443</td>\n      <td>-0.245489</td>\n      <td>-0.172482</td>\n      <td>0.414838</td>\n      <td>1.000000</td>\n      <td>0.020003</td>\n      <td>0.216225</td>\n      <td>0.022682</td>\n      <td>0.039798</td>\n      <td>-0.048091</td>\n      <td>0.037409</td>\n      <td>0.783111</td>\n      <td>-0.583398</td>\n      <td>-0.107378</td>\n      <td>0.593076</td>\n      <td>0.332186</td>\n    </tr>\n    <tr>\n      <th>Ticket</th>\n      <td>-0.056554</td>\n      <td>0.319869</td>\n      <td>0.059372</td>\n      <td>-0.070382</td>\n      <td>0.079461</td>\n      <td>0.020003</td>\n      <td>1.000000</td>\n      <td>-0.013885</td>\n      <td>-0.072200</td>\n      <td>-0.001729</td>\n      <td>0.313138</td>\n      <td>0.323304</td>\n      <td>0.064302</td>\n      <td>0.028314</td>\n      <td>-0.004508</td>\n      <td>0.017907</td>\n      <td>-0.110965</td>\n    </tr>\n    <tr>\n      <th>Fare</th>\n      <td>0.012658</td>\n      <td>-0.549500</td>\n      <td>-0.182333</td>\n      <td>0.096688</td>\n      <td>0.159651</td>\n      <td>0.216225</td>\n      <td>-0.013885</td>\n      <td>1.000000</td>\n      <td>0.090516</td>\n      <td>-0.224719</td>\n      <td>-0.559285</td>\n      <td>-0.539003</td>\n      <td>0.217138</td>\n      <td>-0.271832</td>\n      <td>-0.031675</td>\n      <td>0.345541</td>\n      <td>0.787543</td>\n    </tr>\n    <tr>\n      <th>Cabin</th>\n      <td>-0.018086</td>\n      <td>-0.248495</td>\n      <td>-0.102643</td>\n      <td>0.060534</td>\n      <td>-0.005539</td>\n      <td>0.022682</td>\n      <td>-0.072200</td>\n      <td>0.090516</td>\n      <td>1.000000</td>\n      <td>0.023804</td>\n      <td>-0.258285</td>\n      <td>-0.233945</td>\n      <td>0.007546</td>\n      <td>-0.120207</td>\n      <td>0.051142</td>\n      <td>0.007317</td>\n      <td>0.191159</td>\n    </tr>\n    <tr>\n      <th>Embarked</th>\n      <td>0.013128</td>\n      <td>0.162098</td>\n      <td>0.108262</td>\n      <td>-0.018754</td>\n      <td>0.068230</td>\n      <td>0.039798</td>\n      <td>-0.001729</td>\n      <td>-0.224719</td>\n      <td>0.023804</td>\n      <td>1.000000</td>\n      <td>0.179461</td>\n      <td>0.170619</td>\n      <td>0.066516</td>\n      <td>0.063532</td>\n      <td>0.040334</td>\n      <td>0.049428</td>\n      <td>-0.202444</td>\n    </tr>\n    <tr>\n      <th>Pclass_Sex</th>\n      <td>-0.021260</td>\n      <td>0.964682</td>\n      <td>0.388358</td>\n      <td>-0.294412</td>\n      <td>0.046773</td>\n      <td>-0.048091</td>\n      <td>0.313138</td>\n      <td>-0.559285</td>\n      <td>-0.258285</td>\n      <td>0.179461</td>\n      <td>1.000000</td>\n      <td>0.933533</td>\n      <td>0.007942</td>\n      <td>0.206383</td>\n      <td>-0.017662</td>\n      <td>-0.043570</td>\n      <td>-0.684469</td>\n    </tr>\n    <tr>\n      <th>Pclass_Age</th>\n      <td>-0.028710</td>\n      <td>0.963473</td>\n      <td>0.142464</td>\n      <td>-0.154194</td>\n      <td>0.083774</td>\n      <td>0.037409</td>\n      <td>0.323304</td>\n      <td>-0.539003</td>\n      <td>-0.233945</td>\n      <td>0.170619</td>\n      <td>0.933533</td>\n      <td>1.000000</td>\n      <td>0.075945</td>\n      <td>0.129620</td>\n      <td>0.000322</td>\n      <td>0.005404</td>\n      <td>-0.632234</td>\n    </tr>\n    <tr>\n      <th>FamilySize</th>\n      <td>-0.040143</td>\n      <td>0.065997</td>\n      <td>-0.200988</td>\n      <td>-0.245619</td>\n      <td>0.890712</td>\n      <td>0.783111</td>\n      <td>0.064302</td>\n      <td>0.217138</td>\n      <td>0.007546</td>\n      <td>0.066516</td>\n      <td>0.007942</td>\n      <td>0.075945</td>\n      <td>1.000000</td>\n      <td>-0.690922</td>\n      <td>-0.207942</td>\n      <td>0.748487</td>\n      <td>0.383658</td>\n    </tr>\n    <tr>\n      <th>IsAlone</th>\n      <td>0.057462</td>\n      <td>0.135207</td>\n      <td>0.303646</td>\n      <td>0.171647</td>\n      <td>-0.584471</td>\n      <td>-0.583398</td>\n      <td>0.028314</td>\n      <td>-0.271832</td>\n      <td>-0.120207</td>\n      <td>0.063532</td>\n      <td>0.206383</td>\n      <td>0.129620</td>\n      <td>-0.690922</td>\n      <td>1.000000</td>\n      <td>0.044147</td>\n      <td>-0.458739</td>\n      <td>-0.478410</td>\n    </tr>\n    <tr>\n      <th>Title</th>\n      <td>0.018125</td>\n      <td>-0.008599</td>\n      <td>-0.036384</td>\n      <td>0.326258</td>\n      <td>-0.225758</td>\n      <td>-0.107378</td>\n      <td>-0.004508</td>\n      <td>-0.031675</td>\n      <td>0.051142</td>\n      <td>0.040334</td>\n      <td>-0.017662</td>\n      <td>0.000322</td>\n      <td>-0.207942</td>\n      <td>0.044147</td>\n      <td>1.000000</td>\n      <td>-0.200154</td>\n      <td>-0.066983</td>\n    </tr>\n    <tr>\n      <th>TicketGroupSize</th>\n      <td>0.003355</td>\n      <td>-0.002633</td>\n      <td>-0.154748</td>\n      <td>-0.218669</td>\n      <td>0.661622</td>\n      <td>0.593076</td>\n      <td>0.017907</td>\n      <td>0.345541</td>\n      <td>0.007317</td>\n      <td>0.049428</td>\n      <td>-0.043570</td>\n      <td>0.005404</td>\n      <td>0.748487</td>\n      <td>-0.458739</td>\n      <td>-0.200154</td>\n      <td>1.000000</td>\n      <td>0.464616</td>\n    </tr>\n    <tr>\n      <th>FareLog</th>\n      <td>-0.007425</td>\n      <td>-0.661022</td>\n      <td>-0.263276</td>\n      <td>0.110964</td>\n      <td>0.318528</td>\n      <td>0.332186</td>\n      <td>-0.110965</td>\n      <td>0.787543</td>\n      <td>0.191159</td>\n      <td>-0.202444</td>\n      <td>-0.684469</td>\n      <td>-0.632234</td>\n      <td>0.383658</td>\n      <td>-0.478410</td>\n      <td>-0.066983</td>\n      <td>0.464616</td>\n      <td>1.000000</td>\n    </tr>\n  </tbody>\n</table>\n</div>"},"metadata":{}}],"execution_count":39},{"cell_type":"code","source":"def correlation(dataset, threshold):\n    col_corr = set()  \n    corr_matrix = dataset.corr()\n    for i in range(len(corr_matrix.columns)):\n        for j in range(i):\n            if abs(corr_matrix.iloc[i, j]) > threshold:\n                colname = corr_matrix.columns[i]  \n                col_corr.add(colname)\n    return col_corr","metadata":{"execution":{"iopub.status.busy":"2024-11-28T16:33:35.602367Z","iopub.execute_input":"2024-11-28T16:33:35.602953Z","iopub.status.idle":"2024-11-28T16:33:35.610385Z","shell.execute_reply.started":"2024-11-28T16:33:35.602899Z","shell.execute_reply":"2024-11-28T16:33:35.609024Z"},"trusted":true},"outputs":[],"execution_count":40},{"cell_type":"code","source":"corr_features = correlation(df_temp, 0.6)\ncorr_features","metadata":{"execution":{"iopub.status.busy":"2024-11-28T16:33:38.570822Z","iopub.execute_input":"2024-11-28T16:33:38.571887Z","iopub.status.idle":"2024-11-28T16:33:38.583388Z","shell.execute_reply.started":"2024-11-28T16:33:38.571843Z","shell.execute_reply":"2024-11-28T16:33:38.582068Z"},"trusted":true},"outputs":[{"execution_count":41,"output_type":"execute_result","data":{"text/plain":"{'FamilySize',\n 'FareLog',\n 'IsAlone',\n 'Pclass_Age',\n 'Pclass_Sex',\n 'TicketGroupSize'}"},"metadata":{}}],"execution_count":41},{"cell_type":"code","source":"corr_features = list(corr_features)\ndf_temp=df_temp[corr_features]\ndf_temp.head()","metadata":{"execution":{"iopub.status.busy":"2024-11-28T16:33:43.798625Z","iopub.execute_input":"2024-11-28T16:33:43.799157Z","iopub.status.idle":"2024-11-28T16:33:43.817423Z","shell.execute_reply.started":"2024-11-28T16:33:43.799114Z","shell.execute_reply":"2024-11-28T16:33:43.815944Z"},"trusted":true},"outputs":[{"execution_count":42,"output_type":"execute_result","data":{"text/plain":"   Pclass_Sex  FamilySize  TicketGroupSize  IsAlone   FareLog  Pclass_Age\n0         5.0         2.0              1.0      0.0  2.110213       132.0\n1         0.0         2.0              1.0      0.0  4.280593        26.0\n2         4.0         1.0              1.0      1.0  2.188856       138.0\n3         0.0         2.0              2.0      0.0  3.990834        23.0\n4         5.0         1.0              1.0      1.0  2.202765       151.0","text/html":"<div>\n<style scoped>\n    .dataframe tbody tr th:only-of-type {\n        vertical-align: middle;\n    }\n\n    .dataframe tbody tr th {\n        vertical-align: top;\n    }\n\n    .dataframe thead th {\n        text-align: right;\n    }\n</style>\n<table border=\"1\" class=\"dataframe\">\n  <thead>\n    <tr style=\"text-align: right;\">\n      <th></th>\n      <th>Pclass_Sex</th>\n      <th>FamilySize</th>\n      <th>TicketGroupSize</th>\n      <th>IsAlone</th>\n      <th>FareLog</th>\n      <th>Pclass_Age</th>\n    </tr>\n  </thead>\n  <tbody>\n    <tr>\n      <th>0</th>\n      <td>5.0</td>\n      <td>2.0</td>\n      <td>1.0</td>\n      <td>0.0</td>\n      <td>2.110213</td>\n      <td>132.0</td>\n    </tr>\n    <tr>\n      <th>1</th>\n      <td>0.0</td>\n      <td>2.0</td>\n      <td>1.0</td>\n      <td>0.0</td>\n      <td>4.280593</td>\n      <td>26.0</td>\n    </tr>\n    <tr>\n      <th>2</th>\n      <td>4.0</td>\n      <td>1.0</td>\n      <td>1.0</td>\n      <td>1.0</td>\n      <td>2.188856</td>\n      <td>138.0</td>\n    </tr>\n    <tr>\n      <th>3</th>\n      <td>0.0</td>\n      <td>2.0</td>\n      <td>2.0</td>\n      <td>0.0</td>\n      <td>3.990834</td>\n      <td>23.0</td>\n    </tr>\n    <tr>\n      <th>4</th>\n      <td>5.0</td>\n      <td>1.0</td>\n      <td>1.0</td>\n      <td>1.0</td>\n      <td>2.202765</td>\n      <td>151.0</td>\n    </tr>\n  </tbody>\n</table>\n</div>"},"metadata":{}}],"execution_count":42},{"cell_type":"code","source":"df_Y=pd.DataFrame(df[\"Survived\"].values,columns=[\"Survived\"])","metadata":{"execution":{"iopub.status.busy":"2024-11-28T16:33:48.369552Z","iopub.execute_input":"2024-11-28T16:33:48.370120Z","iopub.status.idle":"2024-11-28T16:33:48.378005Z","shell.execute_reply.started":"2024-11-28T16:33:48.370073Z","shell.execute_reply":"2024-11-28T16:33:48.376213Z"},"trusted":true},"outputs":[],"execution_count":43},{"cell_type":"markdown","source":"**Filling Null values by mean**","metadata":{}},{"cell_type":"code","source":"#Not using just in case if it improve accuracy\nmean_age = df_temp['Age'].mean()\ndf_temp['Age'] = df_temp['Age'].fillna(mean_age)","metadata":{"execution":{"iopub.status.busy":"2024-10-28T19:10:46.644291Z","iopub.execute_input":"2024-10-28T19:10:46.645533Z","iopub.status.idle":"2024-10-28T19:10:46.653607Z","shell.execute_reply.started":"2024-10-28T19:10:46.645467Z","shell.execute_reply":"2024-10-28T19:10:46.652439Z"},"trusted":true},"outputs":[{"name":"stderr","text":"/tmp/ipykernel_30/1751973087.py:3: FutureWarning: Downcasting object dtype arrays on .fillna, .ffill, .bfill is deprecated and will change in a future version. Call result.infer_objects(copy=False) instead. To opt-in to the future behavior, set `pd.set_option('future.no_silent_downcasting', True)`\n  df_temp['Age'] = df_temp['Age'].fillna(mean_age)\n","output_type":"stream"}],"execution_count":49},{"cell_type":"code","source":"df_temp.isnull().sum()","metadata":{"execution":{"iopub.status.busy":"2024-11-28T14:14:32.386755Z","iopub.execute_input":"2024-11-28T14:14:32.387929Z","iopub.status.idle":"2024-11-28T14:14:32.398195Z","shell.execute_reply.started":"2024-11-28T14:14:32.387866Z","shell.execute_reply":"2024-11-28T14:14:32.397170Z"},"trusted":true},"outputs":[{"execution_count":20,"output_type":"execute_result","data":{"text/plain":"IsAlone            0\nFamilySize         0\nTicketGroupSize    0\nFareLog            0\nPclass_Sex         0\nPclass_Age         0\ndtype: int64"},"metadata":{}}],"execution_count":20},{"cell_type":"code","source":"df_temp.dtypes","metadata":{"execution":{"iopub.status.busy":"2024-11-28T16:33:57.069296Z","iopub.execute_input":"2024-11-28T16:33:57.069995Z","iopub.status.idle":"2024-11-28T16:33:57.080471Z","shell.execute_reply.started":"2024-11-28T16:33:57.069929Z","shell.execute_reply":"2024-11-28T16:33:57.079427Z"},"trusted":true},"outputs":[{"execution_count":45,"output_type":"execute_result","data":{"text/plain":"Pclass_Sex         float64\nFamilySize         float64\nTicketGroupSize    float64\nIsAlone            float64\nFareLog            float64\nPclass_Age         float64\ndtype: object"},"metadata":{}}],"execution_count":45},{"cell_type":"code","source":"# Assuming df_temp is your DataFrame\nc